"team" "year1" "year1.wins" "year2" "year2.wins"
"ARI" 2014 64 2015 79
"ARI" 2013 81 2014 64
"ARI" 2012 81 2013 81
"ARI" 2011 94 2012 81
"ARI" 2010 65 2011 94
"ARI" 2009 70 2010 65
"ARI" 2008 82 2009 70
"ARI" 2007 90 2008 82
"ARI" 2006 76 2007 90
"ARI" 2005 77 2006 76
"ARI" 2004 51 2005 77
"ARI" 2003 84 2004 51
"ARI" 2002 98 2003 84
"ARI" 2001 92 2002 98
"ARI" 2000 85 2001 92
"ARI" 1999 100 2000 85
"ARI" 1998 65 1999 100
"ATL" 2014 79 2015 67
"ATL" 2013 96 2014 79
"ATL" 2012 94 2013 96
"ATL" 2011 89 2012 94
"ATL" 2010 91 2011 89
"ATL" 2009 86 2010 91
"ATL" 2008 72 2009 86
"ATL" 2007 84 2008 72
"ATL" 2006 79 2007 84
"ATL" 2005 90 2006 79
"ATL" 2004 96 2005 90
"ATL" 2003 101 2004 96
"ATL" 2002 101 2003 101
"ATL" 2001 88 2002 101
"ATL" 2000 95 2001 88
"ATL" 1999 103 2000 95
"ATL" 1998 106 1999 103
"BAL" 2014 96 2015 81
"BAL" 2013 85 2014 96
"BAL" 2012 93 2013 85
"BAL" 2011 69 2012 93
"BAL" 2010 66 2011 69
"BAL" 2009 64 2010 66
"BAL" 2008 68 2009 64
"BAL" 2007 69 2008 68
"BAL" 2006 70 2007 69
"BAL" 2005 74 2006 70
"BAL" 2004 78 2005 74
"BAL" 2003 71 2004 78
"BAL" 2002 67 2003 71
"BAL" 2001 63 2002 67
"BAL" 2000 74 2001 63
"BAL" 1999 78 2000 74
"BAL" 1998 79 1999 78
"BOS" 2014 71 2015 78
"BOS" 2013 97 2014 71
"BOS" 2012 69 2013 97
"BOS" 2011 90 2012 69
"BOS" 2010 89 2011 90
"BOS" 2009 95 2010 89
"BOS" 2008 95 2009 95
"BOS" 2007 96 2008 95
"BOS" 2006 86 2007 96
"BOS" 2005 95 2006 86
"BOS" 2004 98 2005 95
"BOS" 2003 95 2004 98
"BOS" 2002 93 2003 95
"BOS" 2001 82 2002 93
"BOS" 2000 85 2001 82
"BOS" 1999 94 2000 85
"BOS" 1998 92 1999 94
"CHC" 2014 73 2015 97
"CHC" 2013 66 2014 73
"CHC" 2012 61 2013 66
"CHC" 2011 71 2012 61
"CHC" 2010 75 2011 71
"CHC" 2009 83 2010 75
"CHC" 2008 97 2009 83
"CHC" 2007 85 2008 97
"CHC" 2006 66 2007 85
"CHC" 2005 79 2006 66
"CHC" 2004 89 2005 79
"CHC" 2003 88 2004 89
"CHC" 2002 67 2003 88
"CHC" 2001 88 2002 67
"CHC" 2000 65 2001 88
"CHC" 1999 67 2000 65
"CHC" 1998 90 1999 67
"CHW" 2014 73 2015 76
"CHW" 2013 63 2014 73
"CHW" 2012 85 2013 63
"CHW" 2011 79 2012 85
"CHW" 2010 88 2011 79
"CHW" 2009 79 2010 88
"CHW" 2008 89 2009 79
"CHW" 2007 72 2008 89
"CHW" 2006 90 2007 72
"CHW" 2005 99 2006 90
"CHW" 2004 83 2005 99
"CHW" 2003 86 2004 83
"CHW" 2002 81 2003 86
"CHW" 2001 83 2002 81
"CHW" 2000 95 2001 83
"CHW" 1999 75 2000 95
"CHW" 1998 80 1999 75
"CIN" 2014 76 2015 64
"CIN" 2013 90 2014 76
"CIN" 2012 97 2013 90
"CIN" 2011 79 2012 97
"CIN" 2010 91 2011 79
"CIN" 2009 78 2010 91
"CIN" 2008 74 2009 78
"CIN" 2007 72 2008 74
"CIN" 2006 80 2007 72
"CIN" 2005 73 2006 80
"CIN" 2004 76 2005 73
"CIN" 2003 69 2004 76
"CIN" 2002 78 2003 69
"CIN" 2001 66 2002 78
"CIN" 2000 85 2001 66
"CIN" 1999 96 2000 85
"CIN" 1998 77 1999 96
"CLE" 2014 85 2015 81
"CLE" 2013 92 2014 85
"CLE" 2012 68 2013 92
"CLE" 2011 80 2012 68
"CLE" 2010 69 2011 80
"CLE" 2009 65 2010 69
"CLE" 2008 81 2009 65
"CLE" 2007 96 2008 81
"CLE" 2006 78 2007 96
"CLE" 2005 93 2006 78
"CLE" 2004 80 2005 93
"CLE" 2003 68 2004 80
"CLE" 2002 74 2003 68
"CLE" 2001 91 2002 74
"CLE" 2000 90 2001 91
"CLE" 1999 97 2000 90
"CLE" 1998 89 1999 97
"COL" 2014 66 2015 68
"COL" 2013 74 2014 66
"COL" 2012 64 2013 74
"COL" 2011 73 2012 64
"COL" 2010 83 2011 73
"COL" 2009 92 2010 83
"COL" 2008 74 2009 92
"COL" 2007 90 2008 74
"COL" 2006 76 2007 90
"COL" 2005 67 2006 76
"COL" 2004 68 2005 67
"COL" 2003 74 2004 68
"COL" 2002 73 2003 74
"COL" 2001 73 2002 73
"COL" 2000 82 2001 73
"COL" 1999 72 2000 82
"COL" 1998 77 1999 72
"DET" 2014 90 2015 74
"DET" 2013 93 2014 90
"DET" 2012 88 2013 93
"DET" 2011 95 2012 88
"DET" 2010 81 2011 95
"DET" 2009 86 2010 81
"DET" 2008 74 2009 86
"DET" 2007 88 2008 74
"DET" 2006 95 2007 88
"DET" 2005 71 2006 95
"DET" 2004 72 2005 71
"DET" 2003 43 2004 72
"DET" 2002 55 2003 43
"DET" 2001 66 2002 55
"DET" 2000 79 2001 66
"DET" 1999 69 2000 79
"DET" 1998 65 1999 69
"HOU" 2014 70 2015 86
"HOU" 2013 51 2014 70
"HOU" 2012 55 2013 51
"HOU" 2011 56 2012 55
"HOU" 2010 76 2011 56
"HOU" 2009 74 2010 76
"HOU" 2008 86 2009 74
"HOU" 2007 73 2008 86
"HOU" 2006 82 2007 73
"HOU" 2005 89 2006 82
"HOU" 2004 92 2005 89
"HOU" 2003 87 2004 92
"HOU" 2002 84 2003 87
"HOU" 2001 93 2002 84
"HOU" 2000 72 2001 93
"HOU" 1999 97 2000 72
"HOU" 1998 102 1999 97
"KCR" 2014 89 2015 95
"KCR" 2013 86 2014 89
"KCR" 2012 72 2013 86
"KCR" 2011 71 2012 72
"KCR" 2010 67 2011 71
"KCR" 2009 65 2010 67
"KCR" 2008 75 2009 65
"KCR" 2007 69 2008 75
"KCR" 2006 62 2007 69
"KCR" 2005 56 2006 62
"KCR" 2004 58 2005 56
"KCR" 2003 83 2004 58
"KCR" 2002 62 2003 83
"KCR" 2001 65 2002 62
"KCR" 2000 77 2001 65
"KCR" 1999 64 2000 77
"KCR" 1998 72 1999 64
"ANA" 2014 98 2015 85
"ANA" 2013 78 2014 98
"ANA" 2012 89 2013 78
"ANA" 2011 86 2012 89
"ANA" 2010 80 2011 86
"ANA" 2009 97 2010 80
"ANA" 2008 100 2009 97
"ANA" 2007 94 2008 100
"ANA" 2006 89 2007 94
"ANA" 2005 95 2006 89
"ANA" 2004 92 2005 95
"ANA" 2003 77 2004 92
"ANA" 2002 99 2003 77
"ANA" 2001 75 2002 99
"ANA" 2000 82 2001 75
"ANA" 1999 70 2000 82
"ANA" 1998 85 1999 70
"LAD" 2014 94 2015 92
"LAD" 2013 92 2014 94
"LAD" 2012 86 2013 92
"LAD" 2011 82 2012 86
"LAD" 2010 80 2011 82
"LAD" 2009 95 2010 80
"LAD" 2008 84 2009 95
"LAD" 2007 82 2008 84
"LAD" 2006 88 2007 82
"LAD" 2005 71 2006 88
"LAD" 2004 93 2005 71
"LAD" 2003 85 2004 93
"LAD" 2002 92 2003 85
"LAD" 2001 86 2002 92
"LAD" 2000 86 2001 86
"LAD" 1999 77 2000 86
"LAD" 1998 83 1999 77
"FLA" 2014 77 2015 71
"FLA" 2013 62 2014 77
"FLA" 2012 69 2013 62
"FLA" 2011 72 2012 69
"FLA" 2010 80 2011 72
"FLA" 2009 87 2010 80
"FLA" 2008 84 2009 87
"FLA" 2007 71 2008 84
"FLA" 2006 78 2007 71
"FLA" 2005 83 2006 78
"FLA" 2004 83 2005 83
"FLA" 2003 91 2004 83
"FLA" 2002 79 2003 91
"FLA" 2001 76 2002 79
"FLA" 2000 79 2001 76
"FLA" 1999 64 2000 79
"FLA" 1998 54 1999 64
"MIL" 2014 82 2015 68
"MIL" 2013 74 2014 82
"MIL" 2012 83 2013 74
"MIL" 2011 96 2012 83
"MIL" 2010 77 2011 96
"MIL" 2009 80 2010 77
"MIL" 2008 90 2009 80
"MIL" 2007 83 2008 90
"MIL" 2006 75 2007 83
"MIL" 2005 81 2006 75
"MIL" 2004 67 2005 81
"MIL" 2003 68 2004 67
"MIL" 2002 56 2003 68
"MIL" 2001 68 2002 56
"MIL" 2000 73 2001 68
"MIL" 1999 74 2000 73
"MIL" 1998 74 1999 74
"MIN" 2014 70 2015 83
"MIN" 2013 66 2014 70
"MIN" 2012 66 2013 66
"MIN" 2011 63 2012 66
"MIN" 2010 94 2011 63
"MIN" 2009 87 2010 94
"MIN" 2008 88 2009 87
"MIN" 2007 79 2008 88
"MIN" 2006 96 2007 79
"MIN" 2005 83 2006 96
"MIN" 2004 92 2005 83
"MIN" 2003 90 2004 92
"MIN" 2002 94 2003 90
"MIN" 2001 85 2002 94
"MIN" 2000 69 2001 85
"MIN" 1999 63 2000 69
"MIN" 1998 70 1999 63
"NYM" 2014 79 2015 90
"NYM" 2013 74 2014 79
"NYM" 2012 74 2013 74
"NYM" 2011 77 2012 74
"NYM" 2010 79 2011 77
"NYM" 2009 70 2010 79
"NYM" 2008 89 2009 70
"NYM" 2007 88 2008 89
"NYM" 2006 97 2007 88
"NYM" 2005 83 2006 97
"NYM" 2004 71 2005 83
"NYM" 2003 66 2004 71
"NYM" 2002 75 2003 66
"NYM" 2001 82 2002 75
"NYM" 2000 94 2001 82
"NYM" 1999 97 2000 94
"NYM" 1998 88 1999 97
"NYY" 2014 84 2015 87
"NYY" 2013 85 2014 84
"NYY" 2012 95 2013 85
"NYY" 2011 97 2012 95
"NYY" 2010 95 2011 97
"NYY" 2009 103 2010 95
"NYY" 2008 89 2009 103
"NYY" 2007 94 2008 89
"NYY" 2006 97 2007 94
"NYY" 2005 95 2006 97
"NYY" 2004 101 2005 95
"NYY" 2003 101 2004 101
"NYY" 2002 103 2003 101
"NYY" 2001 95 2002 103
"NYY" 2000 87 2001 95
"NYY" 1999 98 2000 87
"NYY" 1998 114 1999 98
"OAK" 2014 88 2015 68
"OAK" 2013 96 2014 88
"OAK" 2012 94 2013 96
"OAK" 2011 74 2012 94
"OAK" 2010 81 2011 74
"OAK" 2009 75 2010 81
"OAK" 2008 75 2009 75
"OAK" 2007 76 2008 75
"OAK" 2006 93 2007 76
"OAK" 2005 88 2006 93
"OAK" 2004 91 2005 88
"OAK" 2003 96 2004 91
"OAK" 2002 103 2003 96
"OAK" 2001 102 2002 103
"OAK" 2000 91 2001 102
"OAK" 1999 87 2000 91
"OAK" 1998 74 1999 87
"PHI" 2014 73 2015 63
"PHI" 2013 73 2014 73
"PHI" 2012 81 2013 73
"PHI" 2011 102 2012 81
"PHI" 2010 97 2011 102
"PHI" 2009 93 2010 97
"PHI" 2008 92 2009 93
"PHI" 2007 89 2008 92
"PHI" 2006 85 2007 89
"PHI" 2005 88 2006 85
"PHI" 2004 86 2005 88
"PHI" 2003 86 2004 86
"PHI" 2002 80 2003 86
"PHI" 2001 86 2002 80
"PHI" 2000 65 2001 86
"PHI" 1999 77 2000 65
"PHI" 1998 75 1999 77
"PIT" 2014 88 2015 98
"PIT" 2013 94 2014 88
"PIT" 2012 79 2013 94
"PIT" 2011 72 2012 79
"PIT" 2010 57 2011 72
"PIT" 2009 62 2010 57
"PIT" 2008 67 2009 62
"PIT" 2007 68 2008 67
"PIT" 2006 67 2007 68
"PIT" 2005 67 2006 67
"PIT" 2004 72 2005 67
"PIT" 2003 75 2004 72
"PIT" 2002 72 2003 75
"PIT" 2001 62 2002 72
"PIT" 2000 69 2001 62
"PIT" 1999 78 2000 69
"PIT" 1998 69 1999 78
"SDP" 2014 77 2015 74
"SDP" 2013 76 2014 77
"SDP" 2012 76 2013 76
"SDP" 2011 71 2012 76
"SDP" 2010 90 2011 71
"SDP" 2009 75 2010 90
"SDP" 2008 63 2009 75
"SDP" 2007 89 2008 63
"SDP" 2006 88 2007 89
"SDP" 2005 82 2006 88
"SDP" 2004 87 2005 82
"SDP" 2003 64 2004 87
"SDP" 2002 66 2003 64
"SDP" 2001 79 2002 66
"SDP" 2000 76 2001 79
"SDP" 1999 74 2000 76
"SDP" 1998 98 1999 74
"SFG" 2014 88 2015 84
"SFG" 2013 76 2014 88
"SFG" 2012 94 2013 76
"SFG" 2011 86 2012 94
"SFG" 2010 92 2011 86
"SFG" 2009 88 2010 92
"SFG" 2008 72 2009 88
"SFG" 2007 71 2008 72
"SFG" 2006 76 2007 71
"SFG" 2005 75 2006 76
"SFG" 2004 91 2005 75
"SFG" 2003 100 2004 91
"SFG" 2002 95 2003 100
"SFG" 2001 90 2002 95
"SFG" 2000 97 2001 90
"SFG" 1999 86 2000 97
"SFG" 1998 89 1999 86
"SEA" 2014 87 2015 76
"SEA" 2013 71 2014 87
"SEA" 2012 75 2013 71
"SEA" 2011 67 2012 75
"SEA" 2010 61 2011 67
"SEA" 2009 85 2010 61
"SEA" 2008 61 2009 85
"SEA" 2007 88 2008 61
"SEA" 2006 78 2007 88
"SEA" 2005 69 2006 78
"SEA" 2004 63 2005 69
"SEA" 2003 93 2004 63
"SEA" 2002 93 2003 93
"SEA" 2001 116 2002 93
"SEA" 2000 91 2001 116
"SEA" 1999 79 2000 91
"SEA" 1998 76 1999 79
"STL" 2014 90 2015 100
"STL" 2013 97 2014 90
"STL" 2012 88 2013 97
"STL" 2011 90 2012 88
"STL" 2010 86 2011 90
"STL" 2009 91 2010 86
"STL" 2008 86 2009 91
"STL" 2007 78 2008 86
"STL" 2006 83 2007 78
"STL" 2005 100 2006 83
"STL" 2004 105 2005 100
"STL" 2003 85 2004 105
"STL" 2002 97 2003 85
"STL" 2001 93 2002 97
"STL" 2000 95 2001 93
"STL" 1999 75 2000 95
"STL" 1998 83 1999 75
"TBD" 2014 77 2015 80
"TBD" 2013 92 2014 77
"TBD" 2012 90 2013 92
"TBD" 2011 91 2012 90
"TBD" 2010 96 2011 91
"TBD" 2009 84 2010 96
"TBD" 2008 97 2009 84
"TBD" 2007 66 2008 97
"TBD" 2006 61 2007 66
"TBD" 2005 67 2006 61
"TBD" 2004 70 2005 67
"TBD" 2003 63 2004 70
"TBD" 2002 55 2003 63
"TBD" 2001 62 2002 55
"TBD" 2000 69 2001 62
"TBD" 1999 69 2000 69
"TBD" 1998 63 1999 69
"TEX" 2014 67 2015 88
"TEX" 2013 91 2014 67
"TEX" 2012 93 2013 91
"TEX" 2011 96 2012 93
"TEX" 2010 90 2011 96
"TEX" 2009 87 2010 90
"TEX" 2008 79 2009 87
"TEX" 2007 75 2008 79
"TEX" 2006 80 2007 75
"TEX" 2005 79 2006 80
"TEX" 2004 89 2005 79
"TEX" 2003 71 2004 89
"TEX" 2002 72 2003 71
"TEX" 2001 73 2002 72
"TEX" 2000 71 2001 73
"TEX" 1999 95 2000 71
"TEX" 1998 88 1999 95
"TOR" 2014 83 2015 93
"TOR" 2013 74 2014 83
"TOR" 2012 73 2013 74
"TOR" 2011 81 2012 73
"TOR" 2010 85 2011 81
"TOR" 2009 75 2010 85
"TOR" 2008 86 2009 75
"TOR" 2007 83 2008 86
"TOR" 2006 87 2007 83
"TOR" 2005 80 2006 87
"TOR" 2004 67 2005 80
"TOR" 2003 86 2004 67
"TOR" 2002 78 2003 86
"TOR" 2001 80 2002 78
"TOR" 2000 83 2001 80
"TOR" 1999 84 2000 83
"TOR" 1998 88 1999 84
"WSN" 2014 96 2015 83
"WSN" 2013 86 2014 96
"WSN" 2012 98 2013 86
"WSN" 2011 80 2012 98
"WSN" 2010 69 2011 80
"WSN" 2009 59 2010 69
"WSN" 2008 59 2009 59
"WSN" 2007 73 2008 59
"WSN" 2006 71 2007 73
"WSN" 2005 81 2006 71
"WSN" 2004 67 2005 81
"WSN" 2003 83 2004 67
"WSN" 2002 83 2003 83
"WSN" 2001 68 2002 83
"WSN" 2000 67 2001 68
"WSN" 1999 68 2000 67
"WSN" 1998 65 1999 68
